7.202680408954620361e-02
7.788944989442825317e-02
8.542713522911071777e-02
6.867671757936477661e-02
8.040200918912887573e-02
5.695142596960067749e-02
4.187604784965515137e-02
2.931323274970054626e-02
2.345058694481849670e-02
2.931323274970054626e-02
4.522613063454627991e-02
6.365159153938293457e-02
1.005025133490562439e-01
2.613065242767333984e-01
4.832495748996734619e-01
5.795645117759704590e-01
6.809045672416687012e-01
8.718593120574951172e-01
9.070351719856262207e-01
8.190954923629760742e-01
8.132328391075134277e-01
7.671691775321960449e-01
7.152429223060607910e-01
8.182579874992370605e-01
8.383584618568420410e-01
7.445561289787292480e-01
6.314908266067504883e-01
7.043551206588745117e-01
7.177554368972778320e-01
7.839196324348449707e-01
7.035176157951354980e-01
7.043551206588745117e-01
7.512562870979309082e-01
7.244556546211242676e-01
8.425461053848266602e-01
8.760468959808349609e-01
8.031826019287109375e-01
6.415410637855529785e-01
6.055276393890380859e-01
4.757118821144104004e-01
4.723618030548095703e-01
4.757118821144104004e-01
4.832495748996734619e-01
3.953098654747009277e-01
3.752093613147735596e-01
3.525963127613067627e-01
2.479061782360076904e-01
1.976549327373504639e-01
6.197655200958251953e-02
6.532663106918334961e-02
0.000000000000000000e+00
1.356783807277679443e-01
8.877722173929214478e-02
8.793970197439193726e-02
3.350083902478218079e-02
3.936348482966423035e-02
4.522613063454627991e-02
3.266331553459167480e-02
4.941373318433761597e-02
3.936348482966423035e-02
1.155778840184211731e-01
2.629815638065338135e-01
4.757118821144104004e-01
6.139028668403625488e-01
7.772194743156433105e-01
9.606365561485290527e-01
9.405360221862792969e-01
8.492462635040283203e-01
6.658291816711425781e-01
8.592965006828308105e-01
8.040201067924499512e-01
8.827470541000366211e-01
8.232830762863159180e-01
7.981574535369873047e-01
6.867671608924865723e-01
6.859296560287475586e-01
7.504187822341918945e-01
7.864321470260620117e-01
7.696817517280578613e-01
7.319933176040649414e-01
7.998325228691101074e-01
7.629815936088562012e-01
8.341708779335021973e-01
9.371859431266784668e-01
7.713568210601806641e-01
7.345058917999267578e-01
6.541038751602172852e-01
4.773869216442108154e-01
4.455611407756805420e-01
5.242881178855895996e-01
4.748743474483489990e-01
4.221105277538299561e-01
3.643215894699096680e-01
3.333333134651184082e-01
2.621440589427947998e-01
2.244555950164794922e-01
5.946398526430130005e-02
6.951423734426498413e-02
6.616415083408355713e-02
6.700167804956436157e-02
7.370184361934661865e-02
4.187604784965515137e-02
3.350083902478218079e-02
3.015075623989105225e-02
3.098827600479125977e-02
4.187604784965515137e-02
3.098827600479125977e-02
4.522613063454627991e-02
6.113903224468231201e-02
2.018425464630126953e-01
4.899497330188751221e-01
5.469011664390563965e-01
6.700167655944824219e-01
8.433836102485656738e-01
9.103852510452270508e-01
8.651591539382934570e-01
8.107202649116516113e-01
8.492462635040283203e-01
7.705192565917968750e-01
8.015075325965881348e-01
8.358458876609802246e-01
7.445561289787292480e-01
6.984924674034118652e-01
6.423785686492919922e-01
7.713568210601806641e-01
7.286432385444641113e-01
7.504187822341918945e-01
7.395309805870056152e-01
7.797319889068603516e-01
7.219430804252624512e-01
8.936348557472229004e-01
8.936348557472229004e-01
7.386934757232666016e-01
7.051926255226135254e-01
6.733668446540832520e-01
6.130653619766235352e-01
5.268006920814514160e-01
5.368509292602539062e-01
4.966498911380767822e-01
4.606364965438842773e-01
4.162479043006896973e-01
3.291457295417785645e-01
2.713567614555358887e-01
2.244555950164794922e-01
5.695142596960067749e-02
9.045226126909255981e-02
8.793970197439193726e-02
6.448911130428314209e-02
6.616415083408355713e-02
4.522613063454627991e-02
4.103852808475494385e-02
4.271356761455535889e-02
4.606365412473678589e-02
3.015075623989105225e-02
3.936348482966423035e-02
4.187604784965515137e-02
8.123952895402908325e-02
2.219430506229400635e-01
4.313232600688934326e-01
5.778894424438476562e-01
6.398659944534301758e-01
8.450586199760437012e-01
9.505862593650817871e-01
8.107202649116516113e-01
8.216080665588378906e-01
8.668341636657714844e-01
7.922948002815246582e-01
8.216080665588378906e-01
8.157454133033752441e-01
7.026801109313964844e-01
7.043551206588745117e-01
7.018425464630126953e-01
6.892797350883483887e-01
7.705192565917968750e-01
7.587940096855163574e-01
6.742043495178222656e-01
7.202680110931396484e-01
7.051926255226135254e-01
7.512562870979309082e-01
7.948073744773864746e-01
7.579564452171325684e-01
6.407035589218139648e-01
6.457286477088928223e-01
5.360134243965148926e-01
5.025125741958618164e-01
4.999999701976776123e-01
4.815745353698730469e-01
4.246231019496917725e-01
3.760468959808349609e-01
3.308207690715789795e-01
2.772194147109985352e-01
2.169179320335388184e-01
6.113903224468231201e-02
8.291457593441009521e-02
9.380234777927398682e-02
6.197655200958251953e-02
5.108878016471862793e-02
4.271356761455535889e-02
5.946398526430130005e-02
3.768844157457351685e-02
3.433835878968238831e-02
4.438861086964607239e-02
3.266331553459167480e-02
6.281407177448272705e-02
9.547738730907440186e-02
1.825795769691467285e-01
4.061976373195648193e-01
4.924623072147369385e-01
6.256281733512878418e-01
7.788944840431213379e-01
9.187604784965515137e-01
8.383584618568420410e-01
8.107202649116516113e-01
8.274707198143005371e-01
7.621440887451171875e-01
8.509212732315063477e-01
8.098827600479125977e-01
7.428810596466064453e-01
6.884422302246093750e-01
7.018425464630126953e-01
7.537688612937927246e-01
7.680067420005798340e-01
6.934673786163330078e-01
6.566164493560791016e-01
7.529313564300537109e-01
7.772194743156433105e-01
7.822445631027221680e-01
9.179229736328125000e-01
7.763819098472595215e-01
7.093802690505981445e-01
6.809045672416687012e-01
4.497487246990203857e-01
4.857621490955352783e-01
4.983249604701995850e-01
4.631490707397460938e-01
4.706867635250091553e-01
4.020100533962249756e-01
3.283081948757171631e-01
2.772194147109985352e-01
2.319932878017425537e-01
5.778894573450088501e-02
7.788944989442825317e-02
1.088777258992195129e-01
8.291457593441009521e-02
6.783919781446456909e-02
4.857621341943740845e-02
5.276381969451904297e-02
3.768844157457351685e-02
3.098827600479125977e-02
4.103852808475494385e-02
4.857621341943740845e-02
5.192629992961883545e-02
7.118927687406539917e-02
1.658291518688201904e-01
3.651591241359710693e-01
5.100502967834472656e-01
4.941373169422149658e-01
6.574539542198181152e-01
6.700167655944824219e-01
6.214405298233032227e-01
6.390284895896911621e-01
6.884422302246093750e-01
6.524288058280944824e-01
6.934673786163330078e-01
7.185930013656616211e-01
6.633166074752807617e-01
6.608040332794189453e-01
6.273031830787658691e-01
6.122277975082397461e-01
6.633166074752807617e-01
6.465661525726318359e-01
5.854271650314331055e-01
7.068676948547363281e-01
5.879397392272949219e-01
6.683416962623596191e-01
7.479062080383300781e-01
6.549413800239562988e-01
6.348409056663513184e-01
5.938023328781127930e-01
5.644891262054443359e-01
4.907872378826141357e-01
4.882747232913970947e-01
5.293132662773132324e-01
4.790619611740112305e-01
4.664991497993469238e-01
3.559463918209075928e-01
2.897822260856628418e-01
2.227805554866790771e-01
9.045226126909255981e-02
1.030150726437568665e-01
1.063651591539382935e-01
9.798994660377502441e-02
7.788944989442825317e-02
5.695142596960067749e-02
4.103852808475494385e-02
3.098827600479125977e-02
3.350083902478218079e-02
2.596314996480941772e-02
3.266331553459167480e-02
5.443885922431945801e-02
8.040200918912887573e-02
1.825795769691467285e-01
3.442210853099822998e-01
4.991624653339385986e-01
5.050251483917236328e-01
5.695142745971679688e-01
5.862646698951721191e-01
5.963149070739746094e-01
6.365159153938293457e-01
6.549413800239562988e-01
5.820770859718322754e-01
6.206030249595642090e-01
6.130653619766235352e-01
6.214405298233032227e-01
6.381909847259521484e-01
5.301507711410522461e-01
5.335008502006530762e-01
6.532663702964782715e-01
5.644891262054443359e-01
5.603015422821044922e-01
6.080402135848999023e-01
6.088777184486389160e-01
6.172529458999633789e-01
7.026801109313964844e-01
7.135678529739379883e-01
5.963149070739746094e-01
6.113902926445007324e-01
4.874371588230133057e-01
4.271356761455535889e-01
4.623115360736846924e-01
4.505862593650817871e-01
3.844220936298370361e-01
3.785594403743743896e-01
3.216080367565155029e-01
3.023450374603271484e-01
2.747068703174591064e-01
1.222780570387840271e-01
1.130653247237205505e-01
1.180904582142829895e-01
8.291457593441009521e-02
7.118927687406539917e-02
5.862646549940109253e-02
4.690117388963699341e-02
3.015075623989105225e-02
4.020100459456443787e-02
2.428810670971870422e-02
3.433835878968238831e-02
5.025125294923782349e-02
1.072026789188385010e-01
2.654941380023956299e-01
5.008375644683837891e-01
6.557788848876953125e-01
6.398659944534301758e-01
7.579564452171325684e-01
9.246231317520141602e-01
8.559464216232299805e-01
7.864321470260620117e-01
8.785594701766967773e-01
7.512562870979309082e-01
8.257956504821777344e-01
9.070351719856262207e-01
7.470687031745910645e-01
7.420435547828674316e-01
7.562814354896545410e-01
7.378559708595275879e-01
7.914572954177856445e-01
7.504187822341918945e-01
7.495812773704528809e-01
8.383584618568420410e-01
8.199329972267150879e-01
8.291457295417785645e-01
8.835846185684204102e-01
8.107202649116516113e-01
7.261306643486022949e-01
6.959798932075500488e-01
5.385259985923767090e-01
4.522612988948822021e-01
5.083752274513244629e-01
4.673366844654083252e-01
4.706867635250091553e-01
3.592964708805084229e-01
3.283081948757171631e-01
2.420435547828674316e-01
2.060301601886749268e-01
5.192629992961883545e-02
1.021775528788566589e-01
7.621440291404724121e-02
6.532663106918334961e-02
4.857621341943740845e-02
4.355108737945556641e-02
3.768844157457351685e-02
2.596314996480941772e-02
2.763819321990013123e-02
4.187604784965515137e-02
2.847571298480033875e-02
4.020100459456443787e-02
7.621440291404724121e-02
1.876046955585479736e-01
3.743718564510345459e-01
5.108878016471862793e-01
6.147403717041015625e-01
7.504187822341918945e-01
8.433836102485656738e-01
7.973199486732482910e-01
7.964824438095092773e-01
7.788944840431213379e-01
7.177554368972778320e-01
9.179229736328125000e-01
9.371859431266784668e-01
8.040201067924499512e-01
7.252931594848632812e-01
6.641541123390197754e-01
6.926298141479492188e-01
7.914572954177856445e-01
7.604690194129943848e-01
7.311558127403259277e-01
7.981574535369873047e-01
7.336683869361877441e-01
8.132328391075134277e-01
8.458961844444274902e-01
7.453936338424682617e-01
6.800670027732849121e-01
6.775544285774230957e-01
5.427135825157165527e-01
4.447236061096191406e-01
5.510888099670410156e-01
5.435510873794555664e-01
4.698492288589477539e-01
3.651591241359710693e-01
3.241205811500549316e-01
2.638190984725952148e-01
2.278057038784027100e-01
7.956448942422866821e-02
8.710217475891113281e-02
7.537688314914703369e-02
6.700167804956436157e-02
5.946398526430130005e-02
5.862646549940109253e-02
3.015075623989105225e-02
2.931323274970054626e-02
3.517587855458259583e-02
3.182579576969146729e-02
4.690117388963699341e-02
4.187604784965515137e-02
8.207704871892929077e-02
2.202680110931396484e-01
4.514237642288208008e-01
5.577889680862426758e-01
6.582914590835571289e-01
8.123953342437744141e-01
8.902847766876220703e-01
8.358458876609802246e-01
7.721943259239196777e-01
7.654941678047180176e-01
7.546063661575317383e-01
8.216080665588378906e-01
8.123953342437744141e-01
7.529313564300537109e-01
7.068676948547363281e-01
6.608040332794189453e-01
7.621440887451171875e-01
7.621440887451171875e-01
7.470687031745910645e-01
7.361809015274047852e-01
7.964824438095092773e-01
7.822445631027221680e-01
8.182579874992370605e-01
8.567839264869689941e-01
7.964824438095092773e-01
7.663316726684570312e-01
7.830820679664611816e-01
6.021775603294372559e-01
5.871021747589111328e-01
5.845896601676940918e-01
5.586264729499816895e-01
4.966498911380767822e-01
4.338358342647552490e-01
3.458961248397827148e-01
2.998324930667877197e-01
2.638190984725952148e-01
7.956448942422866821e-02
1.013400331139564514e-01
1.147403642535209656e-01
1.105527654290199280e-01
7.286432385444641113e-02
6.448911130428314209e-02
5.778894573450088501e-02
5.025125294923782349e-02
3.517587855458259583e-02
5.192629992961883545e-02
3.350083902478218079e-02
5.276381969451904297e-02
8.207704871892929077e-02
1.733668446540832520e-01
3.257956206798553467e-01
4.204354882240295410e-01
4.036850929260253906e-01
4.849245846271514893e-01
5.561138987541198730e-01
5.628141164779663086e-01
5.150753855705261230e-01
5.770519375801086426e-01
5.552763938903808594e-01
5.996649861335754395e-01
5.711892843246459961e-01
5.485762357711791992e-01
4.681741893291473389e-01
4.757118821144104004e-01
4.463986456394195557e-01
4.932998120784759521e-01
4.773869216442108154e-01
4.790619611740112305e-01
5.184254646301269531e-01
4.832495748996734619e-01
5.510888099670410156e-01
5.603015422821044922e-01
4.681741893291473389e-01
4.489112198352813721e-01
4.832495748996734619e-01
5.309882760047912598e-01
5.067001581192016602e-01
5.016750693321228027e-01
4.748743474483489990e-01
4.740368425846099854e-01
3.735343217849731445e-01
2.814070284366607666e-01
2.470686733722686768e-01
1.892797350883483887e-01
6.783919781446456909e-02
9.966499358415603638e-02
8.877722173929214478e-02
6.197655200958251953e-02
5.862646549940109253e-02
4.103852808475494385e-02
2.680066972970962524e-02
5.025125294923782349e-02
3.768844157457351685e-02
3.266331553459167480e-02
2.093802392482757568e-02
5.360133945941925049e-02
6.700167804956436157e-02
1.691792309284210205e-01
3.308207690715789795e-01
4.204354882240295410e-01
4.120602905750274658e-01
4.179229438304901123e-01
5.100502967834472656e-01
4.690117239952087402e-01
5.050251483917236328e-01
5.402010083198547363e-01
4.790619611740112305e-01
5.552763938903808594e-01
5.410385727882385254e-01
5.209380388259887695e-01
4.958123862743377686e-01
4.999999701976776123e-01
4.380234479904174805e-01
5.150753855705261230e-01
4.715242683887481689e-01
4.229480624198913574e-01
5.067001581192016602e-01
5.108878016471862793e-01
5.259631872177124023e-01
5.820770859718322754e-01
5.184254646301269531e-01
4.790619611740112305e-01
5.569514632225036621e-01
4.706867635250091553e-01
3.869346678256988525e-01
4.480736851692199707e-01
4.765494167804718018e-01
3.760468959808349609e-01
3.257956206798553467e-01
3.174204230308532715e-01
2.964824140071868896e-01
2.110552787780761719e-01
7.453936338424682617e-02
8.961474150419235229e-02
7.705193012952804565e-02
8.207704871892929077e-02
7.286432385444641113e-02
5.025125294923782349e-02
5.443885922431945801e-02
3.685092180967330933e-02
3.266331553459167480e-02
4.690117388963699341e-02
5.192629992961883545e-02
4.271356761455535889e-02
7.453936338424682617e-02
1.591289639472961426e-01
3.601340055465698242e-01
4.103852510452270508e-01
4.514237642288208008e-01
4.564489126205444336e-01
5.494137406349182129e-01
4.907872378826141357e-01
5.075377225875854492e-01
5.653266310691833496e-01
5.175879597663879395e-01
5.427135825157165527e-01
5.603015422821044922e-01
4.891122281551361084e-01
4.639865756034851074e-01
4.388609528541564941e-01
4.480736851692199707e-01
5.402010083198547363e-01
4.606364965438842773e-01
4.380234479904174805e-01
5.636516213417053223e-01
4.966498911380767822e-01
5.259631872177124023e-01
5.335008502006530762e-01
5.335008502006530762e-01
5.561138987541198730e-01
5.711892843246459961e-01
4.807370007038116455e-01
4.497487246990203857e-01
4.556113779544830322e-01
3.793969750404357910e-01
3.777219355106353760e-01
3.400335013866424561e-01
2.613065242767333984e-01
2.294807434082031250e-01
1.993299722671508789e-01
6.197655200958251953e-02
8.291457593441009521e-02
7.118927687406539917e-02
7.286432385444641113e-02
4.941373318433761597e-02
4.941373318433761597e-02
4.103852808475494385e-02
2.680066972970962524e-02
3.266331553459167480e-02
2.680066972970962524e-02
2.847571298480033875e-02
4.187604784965515137e-02
6.532663106918334961e-02
1.876046955585479736e-01
3.961474001407623291e-01
4.857621490955352783e-01
5.603015422821044922e-01
7.412060499191284180e-01
7.772194743156433105e-01
7.177554368972778320e-01
7.160804271697998047e-01
7.403685450553894043e-01
6.549413800239562988e-01
7.211055159568786621e-01
7.160804271697998047e-01
6.046901345252990723e-01
6.407035589218139648e-01
5.996649861335754395e-01
5.594639778137207031e-01
6.231155991554260254e-01
6.348409056663513184e-01
6.281407475471496582e-01
6.725293397903442383e-01
6.390284895896911621e-01
7.395309805870056152e-01
7.713568210601806641e-01
7.269681692123413086e-01
6.231155991554260254e-01
5.938023328781127930e-01
4.648241102695465088e-01
3.877721726894378662e-01
4.304857552051544189e-01
4.505862593650817871e-01
3.777219355106353760e-01
3.199329972267150879e-01
2.906197607517242432e-01
2.680066823959350586e-01
2.537688314914703369e-01
8.961474150419235229e-02
7.621440291404724121e-02
9.631490707397460938e-02
7.621440291404724121e-02
6.448911130428314209e-02
5.778894573450088501e-02
5.276381969451904297e-02
4.606365412473678589e-02
3.852596506476402283e-02
4.522613063454627991e-02
3.768844157457351685e-02
5.443885922431945801e-02
1.105527654290199280e-01
2.587939500808715820e-01
5.175879597663879395e-01
6.934673786163330078e-01
7.453936338424682617e-01
9.497487545013427734e-01
1.000000000000000000e+00
8.609715104103088379e-01
8.249581456184387207e-01
8.819095492362976074e-01
7.897822856903076172e-01
8.040201067924499512e-01
9.061976671218872070e-01
7.730318307876586914e-01
7.537688612937927246e-01
6.943048834800720215e-01
7.035176157951354980e-01
7.872697114944458008e-01
7.504187822341918945e-01
6.256281733512878418e-01
8.182579874992370605e-01
7.906197905540466309e-01
8.350083827972412109e-01
8.802345395088195801e-01
7.931323647499084473e-01
6.976549625396728516e-01
6.507537961006164551e-01
5.033500790596008301e-01
4.380234479904174805e-01
5.033500790596008301e-01
5.301507711410522461e-01
4.396984875202178955e-01
3.927973210811614990e-01
3.174204230308532715e-01
2.378559410572052002e-01
1.943048536777496338e-01
5.778894573450088501e-02
7.118927687406539917e-02
5.946398526430130005e-02
5.443885922431945801e-02
4.941373318433761597e-02
4.857621341943740845e-02
3.601340204477310181e-02
1.926298066973686218e-02
3.266331553459167480e-02
3.601340204477310181e-02
4.438861086964607239e-02
5.025125294923782349e-02
8.123952895402908325e-02
2.060301601886749268e-01
4.246231019496917725e-01
5.938023328781127930e-01
6.767169237136840820e-01
7.830820679664611816e-01
8.626465797424316406e-01
8.852596282958984375e-01
8.685092329978942871e-01
9.112228155136108398e-01
8.216080665588378906e-01
8.994975090026855469e-01
9.388610124588012695e-01
8.174204230308532715e-01
7.294807434082031250e-01
7.587940096855163574e-01
7.897822856903076172e-01
9.078727364540100098e-01
7.604690194129943848e-01
7.319933176040649414e-01
8.576214313507080078e-01
7.428810596466064453e-01
9.262981414794921875e-01
9.028475880622863770e-01
8.634840846061706543e-01
6.876047253608703613e-01
7.018425464630126953e-01
5.452261567115783691e-01
4.396984875202178955e-01
5.335008502006530762e-01
5.376884341239929199e-01
4.355108737945556641e-01
4.179229438304901123e-01
3.576214313507080078e-01
2.479061782360076904e-01
1.775544285774230957e-01
6.867671757936477661e-02
8.375209569931030273e-02
8.040200918912887573e-02
7.621440291404724121e-02
5.192629992961883545e-02
4.690117388963699341e-02
5.611390620470046997e-02
2.596314996480941772e-02
2.512563019990921021e-02
2.177554368972778320e-02
3.685092180967330933e-02
3.768844157457351685e-02
7.621440291404724121e-02
1.850921213626861572e-01
4.170854091644287109e-01
5.946398973464965820e-01
6.465661525726318359e-01
8.425461053848266602e-01
9.288107156753540039e-01
8.006700277328491211e-01
8.375209569931030273e-01
8.308207988739013672e-01
7.864321470260620117e-01
8.475711941719055176e-01
8.216080665588378906e-01
7.881072163581848145e-01
7.236180901527404785e-01
7.185930013656616211e-01
7.261306643486022949e-01
7.864321470260620117e-01
7.747069001197814941e-01
8.232830762863159180e-01
8.015075325965881348e-01
7.705192565917968750e-01
8.425461053848266602e-01
8.802345395088195801e-01
7.537688612937927246e-01
7.227805852890014648e-01
6.675041913986206055e-01
5.318258404731750488e-01
5.092127323150634766e-01
5.552763938903808594e-01
4.614740312099456787e-01
4.438860714435577393e-01
4.321607947349548340e-01
3.810720145702362061e-01
2.596314847469329834e-01
2.336683273315429688e-01
7.370184361934661865e-02
7.118927687406539917e-02
7.370184361934661865e-02
5.276381969451904297e-02
5.108878016471862793e-02
4.187604784965515137e-02
4.941373318433761597e-02
4.103852808475494385e-02
2.763819321990013123e-02
3.517587855458259583e-02
3.685092180967330933e-02
4.773869365453720093e-02
7.956448942422866821e-02
1.842546164989471436e-01
4.346733689308166504e-01
5.837520956993103027e-01
6.448911428451538086e-01
8.082076907157897949e-01
9.078727364540100098e-01
8.391959667205810547e-01
7.872697114944458008e-01
7.948073744773864746e-01
7.571189403533935547e-01
7.654941678047180176e-01
7.931323647499084473e-01
7.102177739143371582e-01
6.976549625396728516e-01
6.767169237136840820e-01
6.649916172027587891e-01
7.345058917999267578e-01
7.336683869361877441e-01
6.842546463012695312e-01
7.814070582389831543e-01
7.788944840431213379e-01
8.082076907157897949e-01
8.065326809883117676e-01
8.056951761245727539e-01
6.792294979095458984e-01
6.239531040191650391e-01
5.787270069122314453e-01
4.639865756034851074e-01
4.539363384246826172e-01
4.606364965438842773e-01
4.413735270500183105e-01
4.204354882240295410e-01
3.333333134651184082e-01
2.780569493770599365e-01
2.294807434082031250e-01
5.192629992961883545e-02
8.207704871892929077e-02
7.705193012952804565e-02
5.025125294923782349e-02
6.448911130428314209e-02
4.773869365453720093e-02
3.852596506476402283e-02
2.847571298480033875e-02
4.522613063454627991e-02
3.852596506476402283e-02
2.763819321990013123e-02
5.025125294923782349e-02
7.872696965932846069e-02
2.035175859928131104e-01
4.522612988948822021e-01
5.653266310691833496e-01
6.490787267684936523e-01
8.375209569931030273e-01
8.978224396705627441e-01
8.316583037376403809e-01
7.914572954177856445e-01
8.274707198143005371e-01
7.772194743156433105e-01
7.495812773704528809e-01
7.948073744773864746e-01
7.579564452171325684e-01
6.884422302246093750e-01
7.035176157951354980e-01
6.859296560287475586e-01
6.658291816711425781e-01
6.423785686492919922e-01
6.465661525726318359e-01
7.169179320335388184e-01
7.135678529739379883e-01
7.738693356513977051e-01
7.998325228691101074e-01
7.696817517280578613e-01
6.742043495178222656e-01
6.331658363342285156e-01
5.611390471458435059e-01
4.849245846271514893e-01
4.380234479904174805e-01
4.664991497993469238e-01
